image_width: 640
image_height: 480
camera_name: narrow_stereo/right
camera_matrix:
  rows: 3
  cols: 3
  data: [543.80918,   0.     , 338.51636,
           0.     , 545.24577, 251.03158,
           0.     ,   0.     ,   1.     ]
distortion_model: plumb_bob
distortion_coefficients:
  rows: 1
  cols: 5
  data: [-0.336644, 0.162319, 0.000077, -0.004374, 0.000000]
rectification_matrix:
  rows: 3
  cols: 3
  data: [ 0.9999577 ,  0.00516315,  0.00761249,
         -0.00519712,  0.9999766 ,  0.00444917,
         -0.00758934, -0.00448854,  0.99996113]
projection_matrix:
  rows: 3
  cols: 4
  data: [517.17986,   0.     , 339.74102, -67.27876,
           0.     , 517.17986, 252.70998,   0.     ,
           0.     ,   0.     ,   1.     ,   0.     ]
